Hugo Symbol	Entrez Gene ID	OncoKB Annotated Genes	# of occurrence within recources (Column D-I)	MSK-IMPACT 	MSK-HEME	FOUNDATION ONE	FOUNDATION ONE HEME	Vogelstein	SANGER CGC(05/30/2017)
ABL1	25	1	6	1	1	1	1	1	1
ABL2	27	0	3	0	0	1	1	0	1
ACTB	60	0	1	0	0	0	1	0	0
ACTG1	71	0	1	0	1	0	0	0	0
ACVR1	90	1	2	1	0	0	0	0	1
ACVR1B	91	0	2	0	0	1	0	1	0
ACVR2A	92	0	1	0	0	0	0	0	1
PARP1	142	1	2	1	1	0	0	0	0
AKT1	207	1	6	1	1	1	1	1	1
AKT2	208	1	5	1	1	1	1	0	1
ALDH2	217	0	1	0	0	0	0	0	1
ALK	238	1	6	1	1	1	1	1	1
ALOX12B	242	1	2	1	1	0	0	0	0
APC	324	1	6	1	1	1	1	1	1
BIRC3	330	1	4	1	1	0	1	0	1
XIAP	331	1	1	1	0	0	0	0	0
FAS	355	0	4	0	1	1	1	0	1
AR	367	1	6	1	1	1	1	1	1
ARAF	369	1	4	1	1	1	1	0	0
RHOA	387	1	4	1	1	0	1	0	1
RHOH	399	0	2	0	0	0	1	0	1
ARNT	405	0	2	0	0	0	1	0	1
ZFHX3	463	1	2	1	0	0	0	0	1
ATF1	466	0	2	0	0	0	1	0	1
ATIC	471	0	2	0	0	0	1	0	1
ATM	472	1	6	1	1	1	1	1	1
ATP1A1	476	0	1	0	0	0	0	0	1
ATP2B3	492	0	1	0	0	0	0	0	1
ATP6V1B2	526	0	1	0	1	0	0	0	0
ATP6AP1	537	0	1	0	1	0	0	0	0
ATR	545	1	5	1	1	1	1	0	1
ATRX	546	1	6	1	1	1	1	1	1
AXL	558	1	4	1	1	1	1	0	0
B2M	567	1	5	1	1	0	1	1	1
BARD1	580	1	4	1	1	1	1	0	0
CCND1	595	1	5	1	1	1	1	0	1
BCL2	596	1	6	1	1	1	1	1	1
BCL2L1	598	1	2	1	0	1	0	0	0
BCL2L2	599	0	2	0	0	1	1	0	0
BCL3	602	0	2	0	0	0	1	0	1
BCL5	603	0	1	0	0	0	0	0	1
BCL6	604	1	4	1	1	0	1	0	1
BCL7A	605	0	2	0	0	0	1	0	1
NBEAP1	606	0	1	0	0	0	1	0	0
BCL9	607	0	2	0	0	0	1	0	1
TNFRSF17	608	0	2	0	0	0	1	0	1
BCR	613	0	4	0	1	1	1	0	1
PRDM1	639	1	6	1	1	1	1	1	1
BLM	641	1	5	1	1	1	1	0	1
BMPR1A	657	1	2	1	0	0	0	0	1
FOXL2	668	1	6	1	1	1	1	1	1
BRCA1	672	1	6	1	1	1	1	1	1
BRAF	673	1	6	1	1	1	1	1	1
BRCA2	675	1	6	1	1	1	1	1	1
BTG1	694	0	4	0	1	1	1	0	1
BTK	695	1	5	1	1	1	1	0	1
BUB1B	701	0	1	0	0	0	0	0	1
CACNA1D	776	0	1	0	0	0	0	0	1
CAD	790	0	1	0	0	0	1	0	0
CALR	811	1	4	1	1	1	0	0	1
CARS	833	0	2	0	0	0	1	0	1
CASP8	841	1	4	1	1	0	0	1	1
RUNX2	860	0	1	0	0	0	1	0	0
RUNX1	861	1	6	1	1	1	1	1	1
RUNX1T1	862	0	4	0	1	1	1	0	1
CBFA2T3	863	0	2	0	0	0	1	0	1
CBFB	865	1	5	1	1	1	1	0	1
CBL	867	1	6	1	1	1	1	1	1
CBLB	868	0	1	0	0	0	0	0	1
CCND2	894	1	5	1	1	1	1	0	1
CCND3	896	1	5	1	1	1	1	0	1
CCNE1	898	1	5	1	1	1	1	0	1
CD22	933	0	1	0	0	0	1	0	0
CD28	940	0	1	0	1	0	0	0	0
CD36	948	0	1	0	0	0	1	0	0
CD58	965	0	2	0	1	0	1	0	0
CD70	970	0	1	0	0	0	1	0	0
CD74	972	0	1	0	0	0	0	0	1
CD79A	973	1	5	1	1	1	1	0	1
CD79B	974	1	5	1	1	1	1	0	1
CDC42	998	1	1	1	0	0	0	0	0
CDH1	999	1	6	1	1	1	1	1	1
CDH11	1009	0	1	0	0	0	0	0	1
CDK4	1019	1	5	1	1	1	1	0	1
CDK6	1021	1	5	1	1	1	1	0	1
CDK8	1024	1	4	1	1	1	1	0	0
CDKN1A	1026	1	2	1	0	1	0	0	0
CDKN1B	1027	1	5	1	1	1	1	0	1
CDKN2A	1029	1	6	1	1	1	1	1	1
CDKN2B	1030	1	4	1	1	1	1	0	0
CDKN2C	1031	1	5	1	1	1	1	0	1
CDX2	1045	0	2	0	0	0	1	0	1
CEBPA	1050	1	6	1	1	1	1	1	1
CENPA	1058	1	1	1	0	0	0	0	0
CHD2	1106	0	2	0	0	1	1	0	0
CHD4	1108	0	2	0	0	1	0	0	1
AKR1C4	1109	0	1	0	0	0	1	0	0
CHEK1	1111	1	4	1	1	1	1	0	0
CHN1	1123	0	1	0	0	0	1	0	0
CKS1B	1163	0	1	0	0	0	1	0	0
CLTC	1213	0	2	0	0	0	1	0	1
COL1A1	1277	0	2	0	0	0	1	0	1
COL2A1	1280	0	1	0	0	0	0	0	1
KLF6	1316	0	1	0	0	0	0	0	1
COX6C	1345	0	1	0	0	0	0	0	1
CPS1	1373	0	1	0	0	0	1	0	0
CREB1	1385	0	1	0	0	0	0	0	1
CREBBP	1387	1	6	1	1	1	1	1	1
CRKL	1399	1	4	1	1	1	1	0	0
CSF1	1435	0	1	0	0	0	1	0	0
CSF1R	1436	1	5	1	1	1	1	1	0
CSF3R	1441	1	4	1	1	0	1	0	1
CTLA4	1493	1	1	1	0	0	0	0	0
CTNNA1	1495	0	2	0	0	1	1	0	0
CTNNB1	1499	1	6	1	1	1	1	1	1
CUX1	1523	0	3	0	1	0	1	0	1
CYLD	1540	1	5	1	1	1	0	1	1
DAXX	1616	1	6	1	1	1	1	1	1
DCTN1	1639	0	1	0	0	0	0	0	1
DDB2	1643	0	1	0	0	0	0	0	1
DDIT3	1649	0	2	0	0	0	1	0	1
DDX3X	1654	0	3	0	1	0	1	0	1
DDX5	1655	0	1	0	0	0	0	0	1
DDX6	1656	0	2	0	0	0	1	0	1
DDX10	1662	0	2	0	0	0	1	0	1
DNM2	1785	0	2	0	0	0	1	0	1
DNMT1	1786	1	2	1	0	0	0	1	0
DNMT3A	1788	1	6	1	1	1	1	1	1
DNMT3B	1789	1	1	1	0	0	0	0	0
ARID3A	1820	0	1	0	1	0	0	0	0
DTX1	1840	0	2	0	1	0	1	0	0
DUSP2	1844	0	1	0	0	0	1	0	0
DUSP4	1846	1	1	1	0	0	0	0	0
DUSP9	1852	0	1	0	0	0	1	0	0
E2F3	1871	1	1	1	0	0	0	0	0
EBF1	1879	0	2	0	0	0	1	0	1
EGFR	1956	1	6	1	1	1	1	1	1
EGR1	1958	0	1	0	1	0	0	0	0
EIF1AX	1964	1	1	1	0	0	0	0	0
EIF4A2	1974	1	3	1	0	0	1	0	1
EIF4E	1977	1	1	1	0	0	0	0	0
ELF3	1999	1	1	1	0	0	0	0	0
ELF4	2000	0	2	0	0	0	1	0	1
ELK4	2005	0	1	0	0	0	0	0	1
ELN	2006	0	2	0	0	0	1	0	1
EP300	2033	1	6	1	1	1	1	1	1
EPAS1	2034	1	2	1	0	0	0	0	1
EPHA3	2042	1	4	1	1	1	1	0	0
EPHA5	2044	1	4	1	1	1	1	0	0
EPHA7	2045	1	4	1	1	1	1	0	0
EPHB1	2047	1	4	1	1	1	1	0	0
EPOR	2057	0	1	0	0	0	1	0	0
EPS15	2060	0	2	0	0	0	1	0	1
ERBB2	2064	1	6	1	1	1	1	1	1
ERBB3	2065	1	5	1	1	1	1	0	1
ERBB4	2066	1	5	1	1	1	1	0	1
ERCC2	2068	1	2	1	0	0	0	0	1
ERCC3	2071	1	2	1	0	0	0	0	1
ERCC4	2072	1	2	1	0	0	0	0	1
ERCC5	2073	1	2	1	0	0	0	0	1
ERF	2077	1	1	1	0	0	0	0	0
ERG	2078	1	5	1	1	1	1	0	1
ESR1	2099	1	5	1	1	1	1	0	1
ETS1	2113	0	1	0	0	0	1	0	0
ETV1	2115	1	4	1	0	1	1	0	1
ETV4	2118	1	3	0	0	1	1	0	1
ETV5	2119	0	3	0	0	1	1	0	1
ETV6	2120	1	5	1	1	1	1	0	1
MECOM	2122	0	2	0	0	0	1	0	1
EWSR1	2130	1	2	0	0	0	1	0	1
EXT1	2131	0	1	0	0	0	0	0	1
EXT2	2132	0	1	0	0	0	0	0	1
EZH1	2145	1	1	1	0	0	0	0	0
EZH2	2146	1	6	1	1	1	1	1	1
FANCA	2175	1	5	1	1	1	1	0	1
FANCC	2176	1	5	1	1	1	1	0	1
FANCD2	2177	0	4	0	1	1	1	0	1
FANCE	2178	0	3	0	0	1	1	0	1
ACSL3	2181	0	1	0	0	0	0	0	1
FANCF	2188	0	3	0	0	1	1	0	1
FANCG	2189	0	3	0	0	1	1	0	1
FAT1	2195	1	4	1	1	1	0	0	1
FCGR2B	2213	0	2	0	0	0	1	0	1
FES	2242	0	1	0	0	0	0	0	1
FGF3	2248	1	4	1	1	1	1	0	0
FGF4	2249	1	4	1	1	1	1	0	0
FGF6	2251	0	2	0	0	1	1	0	0
FGF10	2255	0	2	0	0	1	1	0	0
FGF14	2259	0	2	0	0	1	1	0	0
FGFR1	2260	1	5	1	1	1	1	0	1
FGFR3	2261	1	6	1	1	1	1	1	1
FGFR2	2263	1	6	1	1	1	1	1	1
FGFR4	2264	1	5	1	1	1	1	0	1
FH	2271	1	3	1	0	1	0	0	1
FHIT	2272	0	2	0	0	0	1	0	1
FOXO1	2308	1	4	1	1	0	1	0	1
FOXO3	2309	0	2	0	0	0	1	0	1
FLI1	2313	0	2	0	0	0	1	0	1
FLT1	2321	1	4	1	1	1	1	0	0
FLT3	2322	1	6	1	1	1	1	1	1
FLT4	2324	1	5	1	1	1	1	0	1
MTOR	2475	1	5	1	1	1	1	0	1
FUS	2521	0	2	0	0	0	1	0	1
KDSR	2531	0	2	0	0	0	1	0	1
FYN	2534	1	2	1	1	0	0	0	0
GABRA6	2559	0	1	0	0	1	0	0	0
GATA1	2623	1	6	1	1	1	1	1	1
GATA2	2624	1	6	1	1	1	1	1	1
GATA3	2625	1	6	1	1	1	1	1	1
GATA4	2626	0	1	0	0	1	0	0	0
GATA6	2627	0	1	0	0	1	0	0	0
GPC3	2719	0	1	0	0	0	0	0	1
GLI1	2735	1	3	1	0	1	1	0	0
GNA11	2767	1	6	1	1	1	1	1	1
GNA12	2768	0	2	0	1	0	1	0	0
GNAQ	2776	1	6	1	1	1	1	1	1
GNAS	2778	1	6	1	1	1	1	1	1
GNB1	2782	0	1	0	1	0	0	0	0
GPS2	2874	1	1	1	0	0	0	0	0
GRIN2A	2903	1	5	1	1	1	1	0	1
GRM3	2913	0	1	0	0	1	0	0	0
GSK3B	2932	1	4	1	1	1	1	0	0
MSH6	2956	1	6	1	1	1	1	1	1
GTF2I	2969	0	1	0	1	0	0	0	0
HIST1H1C	3006	1	3	1	1	0	1	0	0
HIST1H1D	3007	0	2	0	1	0	1	0	0
HIST1H1E	3008	0	2	0	1	0	1	0	0
HIST1H1B	3009	0	1	0	1	0	0	0	0
HIST1H2BD	3017	1	2	1	1	0	0	0	0
H3F3A	3020	1	4	1	0	1	0	1	1
H3F3B	3021	1	2	1	0	0	0	0	1
HDAC1	3065	0	2	0	1	0	1	0	0
HGF	3082	1	4	1	1	1	1	0	0
NRG1	3084	0	1	0	0	0	0	0	1
HIF1A	3091	0	2	0	1	0	0	0	1
HIP1	3092	0	2	0	0	0	1	0	1
HLA-A	3105	1	3	1	1	0	0	0	1
HLA-B	3106	1	1	1	0	0	0	0	0
MNX1	3110	0	2	0	0	0	1	0	1
HLF	3131	0	2	0	0	0	1	0	1
HMGA1	3159	0	2	0	0	0	1	0	1
FOXA1	3169	1	2	1	0	0	0	0	1
HNRNPA2B1	3181	0	1	0	0	0	0	0	1
TLX1	3195	0	2	0	0	0	1	0	1
HOXA3	3200	0	1	0	0	0	1	0	0
HOXA9	3205	0	2	0	0	0	1	0	1
HOXA11	3207	0	2	0	0	0	1	0	1
HOXA13	3209	0	2	0	0	0	1	0	1
HOXC11	3227	0	2	0	0	0	1	0	1
HOXC13	3229	0	2	0	0	0	1	0	1
HOXD11	3237	0	2	0	0	0	1	0	1
HOXD13	3239	0	2	0	0	0	1	0	1
HRAS	3265	1	6	1	1	1	1	1	1
HSD3B1	3283	0	1	0	0	1	0	0	0
HSP90AA1	3320	0	3	0	0	1	1	0	1
HSP90AB1	3326	0	2	0	0	0	1	0	1
DNAJB1	3337	1	2	1	0	0	0	0	1
IRF8	3394	0	2	0	1	0	1	0	0
ID3	3399	1	3	1	1	0	1	0	0
IDH1	3417	1	6	1	1	1	1	1	1
IDH2	3418	1	6	1	1	1	1	1	1
IFNGR1	3459	1	1	1	0	0	0	0	0
IGF1	3479	1	2	1	1	0	0	0	0
IGF1R	3480	1	4	1	1	1	1	0	0
IGF2	3481	1	3	1	1	1	0	0	0
IGH	3492	0	2	0	0	0	1	0	1
IGL	3535	0	2	0	0	0	1	0	1
IKBKB	3551	0	1	0	0	0	0	0	1
IL2	3558	0	1	0	0	0	0	0	1
IL3	3562	0	1	0	0	0	1	0	0
IL6ST	3572	0	1	0	0	0	0	0	1
IL7R	3575	1	5	1	1	1	1	0	1
IL10	3586	1	1	1	0	0	0	0	0
INHA	3623	1	1	1	0	0	0	0	0
INHBA	3624	1	3	1	0	1	1	0	0
INPP4A	3631	1	1	1	0	0	0	0	0
INPP5D	3635	0	1	0	0	0	1	0	0
INPPL1	3636	1	1	1	0	0	0	0	0
INSR	3643	1	1	1	0	0	0	0	0
EIF3E	3646	0	1	0	0	0	0	0	1
IRF1	3659	0	2	0	1	0	1	0	0
IRF2	3660	0	1	0	0	1	0	0	0
IRF4	3662	1	5	1	1	1	1	0	1
IRS1	3667	1	1	1	0	0	0	0	0
ITK	3702	0	2	0	0	0	1	0	1
JAK1	3716	1	6	1	1	1	1	1	1
JAK2	3717	1	6	1	1	1	1	1	1
JAK3	3718	1	6	1	1	1	1	1	1
JARID2	3720	0	2	0	1	0	1	0	0
JUN	3725	1	5	1	1	1	1	0	1
KCNJ5	3762	0	1	0	0	0	0	0	1
KDR	3791	1	5	1	1	1	1	0	1
KEL	3792	0	1	0	0	1	0	0	0
KIF5B	3799	0	2	0	0	0	1	0	1
KIT	3815	1	6	1	1	1	1	1	1
KLK2	3817	0	1	0	0	0	0	0	1
KRAS	3845	1	6	1	1	1	1	1	1
KTN1	3895	0	1	0	0	0	0	0	1
AFF3	3899	0	1	0	0	0	0	0	1
LASP1	3927	0	2	0	0	0	1	0	1
LCK	3932	0	2	0	1	0	0	0	1
LCP1	3936	0	2	0	0	0	1	0	1
LIFR	3977	0	1	0	0	0	0	0	1
LMNA	4000	0	1	0	0	0	0	0	1
LMO1	4004	1	5	1	1	1	1	0	1
LMO2	4005	0	2	0	0	0	1	0	1
LPP	4026	0	2	0	0	0	1	0	1
LTB	4050	0	1	0	1	0	0	0	0
LYL1	4066	0	2	0	0	0	1	0	1
LYN	4067	1	2	1	0	1	0	0	0
SH2D1A	4068	1	1	1	0	0	0	0	0
EPCAM	4072	1	1	1	0	0	0	0	0
SMAD2	4087	1	6	1	1	1	1	1	1
SMAD3	4088	1	3	1	0	1	0	0	1
SMAD4	4089	1	6	1	1	1	1	1	1
MAF	4094	0	2	0	0	0	1	0	1
MAX	4149	1	2	1	0	0	0	0	1
MCL1	4170	1	4	1	1	1	1	0	0
MDM2	4193	1	5	1	1	1	1	0	1
MDM4	4194	1	5	1	1	1	1	0	1
MEF2BNB-MEF2B	4207	1	0	0	0	0	0	0	0
MEF2C	4208	0	1	0	0	0	1	0	0
MAP3K1	4214	1	6	1	1	1	1	1	1
MEN1	4221	1	6	1	1	1	1	1	1
MET	4233	1	6	1	1	1	1	1	1
CIITA	4261	0	3	0	1	0	1	0	1
MITF	4286	1	5	1	1	1	1	0	1
MKI67	4288	0	1	0	0	0	1	0	0
MLF1	4291	0	2	0	0	0	1	0	1
MLH1	4292	1	6	1	1	1	1	1	1
KMT2A	4297	1	5	1	1	1	1	0	1
MLLT1	4298	0	2	0	0	0	1	0	1
AFF1	4299	0	2	0	0	0	1	0	1
MLLT3	4300	0	2	0	0	0	1	0	1
MLLT4	4301	0	2	0	0	0	1	0	1
MLLT6	4302	0	2	0	0	0	1	0	1
FOXO4	4303	0	2	0	0	0	1	0	1
MN1	4330	0	2	0	0	0	1	0	1
MPL	4352	1	6	1	1	1	1	1	1
MRE11A	4361	1	4	1	1	1	1	0	0
MSH2	4436	1	6	1	1	1	1	1	1
MSH3	4437	1	2	1	0	0	1	0	0
MSI1	4440	1	1	1	0	0	0	0	0
MSN	4478	0	2	0	0	0	1	0	1
MST1	4485	1	1	1	0	0	0	0	0
MST1R	4486	1	1	1	0	0	0	0	0
MTCP1	4515	0	1	0	0	0	0	0	1
MUC1	4582	0	2	0	0	0	1	0	1
MUTYH	4595	1	5	1	1	1	1	0	1
MYB	4602	0	3	0	0	1	1	0	1
MYC	4609	1	5	1	1	1	1	0	1
MYCL	4610	1	5	1	1	1	1	0	1
MYCN	4613	1	5	1	1	1	1	0	1
MYD88	4615	1	6	1	1	1	1	1	1
GADD45B	4616	0	1	0	0	0	1	0	0
MYH9	4627	0	2	0	0	0	1	0	1
MYH11	4629	0	2	0	0	0	1	0	1
MYO5A	4644	0	1	0	0	0	0	0	1
MYOD1	4654	1	2	1	0	0	0	0	1
NAB2	4665	0	1	0	0	0	0	0	1
NACA	4666	0	2	0	0	0	1	0	1
NBN	4683	1	3	1	1	0	0	0	1
NF1	4763	1	6	1	1	1	1	1	1
NF2	4771	1	6	1	1	1	1	1	1
NFATC2	4773	0	1	0	0	0	0	0	1
NFE2	4778	0	1	0	1	0	0	0	0
NFE2L2	4780	1	6	1	1	1	1	1	1
NFIB	4781	0	1	0	0	0	0	0	1
NFKB2	4791	0	2	0	0	0	1	0	1
NFKBIA	4792	1	3	1	0	1	1	0	0
NFKBIE	4794	0	1	0	0	0	0	0	1
NKX3-1	4824	1	1	1	0	0	0	0	0
NONO	4841	0	1	0	0	0	0	0	1
CNOT3	4849	0	1	0	0	0	0	0	1
NOTCH1	4851	1	6	1	1	1	1	1	1
NOTCH2	4853	1	6	1	1	1	1	1	1
NOTCH3	4854	1	3	1	1	1	0	0	0
NOTCH4	4855	1	2	1	1	0	0	0	0
NPM1	4869	1	6	1	1	1	1	1	1
NRAS	4893	1	6	1	1	1	1	1	1
NTHL1	4913	1	1	1	0	0	0	0	0
NTRK1	4914	1	5	1	1	1	1	0	1
NTRK2	4915	1	4	1	1	1	1	0	0
NTRK3	4916	1	5	1	1	1	1	0	1
DDR2	4921	1	5	1	1	1	1	0	1
NUMA1	4926	0	2	0	0	0	1	0	1
NUP98	4928	0	2	0	0	0	1	0	1
OMD	4958	0	2	0	0	0	1	0	1
FURIN	5045	0	1	0	1	0	0	0	0
PAFAH1B2	5049	0	2	0	0	0	1	0	1
PAK1	5058	1	1	1	0	0	0	0	0
PAK3	5063	0	2	0	0	1	1	0	0
PARK2	5071	1	2	1	0	1	0	0	0
PAX3	5077	0	2	0	0	0	1	0	1
PAX5	5079	1	6	1	1	1	1	1	1
PAX7	5081	0	2	0	0	0	1	0	1
PBX1	5087	0	2	0	0	0	1	0	1
PC	5091	0	1	0	0	0	1	0	0
PCBP1	5093	0	2	0	1	0	1	0	0
PCM1	5108	0	2	0	0	0	1	0	1
PDCD1	5133	1	3	1	1	0	1	0	0
PDGFB	5155	0	2	0	0	0	1	0	1
PDGFRA	5156	1	6	1	1	1	1	1	1
PDGFRB	5159	1	5	1	1	1	1	0	1
PDK1	5163	0	2	0	0	1	1	0	0
PDPK1	5170	1	2	1	1	0	0	0	0
PER1	5187	0	2	0	0	0	1	0	1
PGR	5241	1	1	1	0	0	0	0	0
PHF1	5252	0	1	0	0	0	1	0	0
PIGA	5277	0	1	0	1	0	0	0	0
PIK3C2B	5287	0	1	0	0	1	0	0	0
PIK3C2G	5288	1	2	1	1	0	0	0	0
PIK3C3	5289	1	2	1	1	0	0	0	0
PIK3CA	5290	1	6	1	1	1	1	1	1
PIK3CB	5291	1	2	1	0	1	0	0	0
PIM1	5292	1	4	1	1	0	1	0	1
PIK3CD	5293	1	1	1	0	0	0	0	0
PIK3CG	5294	1	4	1	1	1	1	0	0
PIK3R1	5295	1	6	1	1	1	1	1	1
PIK3R2	5296	1	4	1	1	1	1	0	0
PLAG1	5324	0	2	0	0	0	1	0	1
PLCG1	5335	0	2	0	1	0	0	0	1
PLCG2	5336	1	4	1	1	1	1	0	0
PMAIP1	5366	1	1	1	0	0	0	0	0
PML	5371	0	2	0	0	0	1	0	1
PMS1	5378	1	2	1	0	0	0	0	1
PMS2	5395	1	4	1	1	1	0	0	1
PRRX1	5396	0	2	0	0	0	1	0	1
SEPT5	5413	0	2	0	0	0	1	0	1
POLD1	5424	1	2	1	0	1	0	0	0
POLE	5426	1	3	1	0	1	0	0	1
POU2AF1	5450	0	2	0	0	0	1	0	1
POU5F1	5460	0	1	0	0	0	0	0	1
PPARG	5468	1	2	1	0	0	0	0	1
PPP1CB	5500	0	1	0	0	0	1	0	0
PPP2R1A	5518	1	6	1	1	1	1	1	1
PPP6C	5537	1	2	1	0	0	0	0	1
PRCC	5546	0	1	0	0	0	0	0	1
PRF1	5551	0	1	0	0	0	0	0	1
PRKACA	5566	0	1	0	0	0	0	0	1
PRKAR1A	5573	1	5	1	1	1	1	0	1
PRKCI	5584	1	2	1	0	1	0	0	0
PRKD1	5587	1	1	1	0	0	0	0	0
PRKDC	5591	0	2	0	0	1	1	0	0
MAPK1	5594	1	4	1	1	0	1	0	1
MAPK3	5595	1	2	1	1	0	0	0	0
MAP2K1	5604	1	6	1	1	1	1	1	1
MAP2K2	5605	1	5	1	1	1	1	0	1
PRSS1	5644	1	0	0	0	0	0	0	0
RELN	5649	0	1	0	0	0	1	0	0
PRSS8	5652	0	2	0	0	1	1	0	0
PTCH1	5727	1	6	1	1	1	1	1	1
PTEN	5728	1	6	1	1	1	1	1	1
PTK6	5753	0	1	0	0	0	0	0	1
PTK7	5754	0	1	0	0	0	1	0	0
PTPN1	5770	0	1	0	1	0	0	0	0
PTPN2	5771	0	2	0	1	0	1	0	0
PTPN6	5777	0	1	0	0	0	1	0	0
PTPN11	5781	1	6	1	1	1	1	1	1
PTPN13	5783	0	1	0	0	0	0	0	1
PTPRB	5787	0	1	0	0	0	0	0	1
PTPRC	5788	0	1	0	0	0	0	0	1
PTPRD	5789	1	1	1	0	0	0	0	0
PTPRK	5796	0	1	0	0	0	0	0	1
PTPRO	5800	0	1	0	0	0	1	0	0
PTPRS	5802	1	1	1	0	0	0	0	0
RAC1	5879	1	3	1	0	1	0	0	1
RAC2	5880	1	1	1	0	0	0	0	0
RAD21	5885	1	4	1	1	0	1	0	1
RAD51	5888	1	4	1	1	1	1	0	0
RAD51C	5889	1	2	1	1	0	0	0	0
RAD51B	5890	1	3	1	1	0	0	0	1
RAD51D	5892	1	2	1	1	0	0	0	0
RAD52	5893	1	2	1	1	0	0	0	0
RAF1	5894	1	5	1	1	1	1	0	1
RALGDS	5900	0	2	0	0	0	1	0	1
RANBP2	5903	0	2	0	0	1	0	0	1
RAP1GDS1	5910	0	2	0	0	0	1	0	1
RARA	5914	1	5	1	1	1	1	0	1
RASA1	5921	1	1	1	0	0	0	0	0
RB1	5925	1	6	1	1	1	1	1	1
ARID4A	5926	0	1	0	1	0	0	0	0
KDM5A	5927	1	5	1	1	1	1	0	1
RECQL	5965	1	1	1	0	0	0	0	0
REL	5966	1	3	1	1	0	0	0	1
UPF1	5976	1	1	1	0	0	0	0	0
RET	5979	1	6	1	1	1	1	1	1
TRIM27	5987	0	1	0	0	0	0	0	1
RHEB	6009	1	1	1	0	0	0	0	0
RIT1	6016	1	1	1	0	0	0	0	0
ROBO1	6091	0	1	0	1	0	0	0	0
ROS1	6098	1	5	1	1	1	1	0	1
RPL5	6125	0	1	0	0	0	0	0	1
RPL10	6134	0	1	0	0	0	0	0	1
RPL22	6146	0	2	0	0	0	1	0	1
RPN1	6184	0	2	0	0	0	1	0	1
RPS6KB2	6199	1	1	1	0	0	0	0	0
RRAS	6237	1	1	1	0	0	0	0	0
CLIP1	6249	0	1	0	0	0	0	0	1
RXRA	6256	1	1	1	0	0	0	0	0
ATXN2	6311	0	1	0	1	0	0	0	0
SDC4	6385	0	1	0	0	0	0	0	1
SDHA	6389	1	5	1	1	1	1	0	1
SDHB	6390	1	5	1	1	1	1	0	1
SDHC	6391	1	5	1	1	1	1	0	1
SDHD	6392	1	5	1	1	1	1	0	1
MAP2K4	6416	1	5	1	1	1	1	0	1
SET	6418	0	2	0	0	0	1	0	1
SFRP4	6424	0	1	0	0	0	0	0	1
SRSF2	6427	1	5	1	1	0	1	1	1
SRSF3	6428	0	2	0	0	0	1	0	1
SGK1	6446	0	2	0	1	0	1	0	0
SH3GL1	6455	0	2	0	0	0	1	0	1
STIL	6491	0	1	0	0	0	0	0	1
SLC1A2	6506	0	1	0	0	0	1	0	0
SMARCA1	6594	0	1	0	0	0	1	0	0
SMARCA4	6597	1	6	1	1	1	1	1	1
SMARCB1	6598	1	6	1	1	1	1	1	1
SMARCD1	6602	1	3	1	1	0	0	0	1
SMARCE1	6605	0	1	0	0	0	0	0	1
SMO	6608	1	6	1	1	1	1	1	1
SOS1	6654	1	1	1	0	0	0	0	0
SOX2	6657	1	5	1	1	1	1	0	1
SOX9	6662	1	3	1	0	1	0	1	0
SOX10	6663	0	2	0	0	1	1	0	0
SPTA1	6708	0	1	0	0	1	0	0	0
SRC	6714	1	5	1	1	1	1	0	1
SSX1	6756	0	2	0	0	0	1	0	1
SSX2	6757	0	2	0	0	0	1	0	1
SSX4	6759	0	2	0	0	0	1	0	1
SS18	6760	0	2	0	0	0	1	0	1
STAT3	6774	1	5	1	1	1	1	0	1
STAT4	6775	0	2	0	0	1	1	0	0
STAT5A	6776	1	3	1	1	0	1	0	0
STAT5B	6777	1	4	1	1	0	1	0	1
STAT6	6778	0	3	0	1	0	1	0	1
AURKA	6790	1	4	1	1	1	1	0	0
STK11	6794	1	6	1	1	1	1	1	1
STRN	6801	0	1	0	0	0	0	0	1
SYK	6850	1	5	1	1	1	1	0	1
TAF1	6872	0	2	0	0	1	1	0	0
MAP3K7	6885	0	1	0	0	0	1	0	0
TAL1	6886	0	2	0	0	0	1	0	1
TAL2	6887	0	2	0	0	0	1	0	1
TAP1	6890	1	1	1	0	0	0	0	0
TAP2	6891	1	1	1	0	0	0	0	0
TCEA1	6917	0	1	0	0	0	0	0	1
TCEB1	6921	1	1	1	0	0	0	0	0
TBX3	6926	1	4	1	1	1	0	0	1
HNF1A	6927	1	6	1	1	1	1	1	1
TCF3	6929	1	3	1	0	0	1	0	1
TCF7L2	6934	1	2	1	0	0	0	0	1
TCF12	6938	0	1	0	0	0	0	0	1
TRA	6955	0	1	0	0	0	0	0	1
TRB	6957	0	1	0	0	0	0	0	1
TRD	6964	0	1	0	0	0	0	0	1
TRG	6965	0	1	0	0	0	1	0	0
TEK	7010	1	1	1	0	0	0	0	0
TERC	7012	0	1	0	0	1	0	0	0
TERT	7015	1	4	1	1	1	0	0	1
TFE3	7030	0	2	0	0	0	1	0	1
TFRC	7037	0	2	0	0	0	1	0	1
TGFBR1	7046	1	1	1	0	0	0	0	0
TGFBR2	7048	1	5	1	1	1	1	0	1
NKX2-1	7080	1	5	1	1	1	1	0	1
TLL2	7093	0	1	0	0	0	1	0	0
TMPRSS2	7113	1	4	1	0	1	1	0	1
TMSB4XP8	7117	0	1	0	0	0	1	0	0
TNFAIP3	7128	1	6	1	1	1	1	1	1
TOP1	7150	1	5	1	1	1	1	0	1
TOP2A	7153	0	1	0	0	1	0	0	0
TP53	7157	1	6	1	1	1	1	1	1
TP53BP1	7158	1	1	1	0	0	0	0	0
TPM3	7170	0	2	0	0	0	1	0	1
TPM4	7171	0	2	0	0	0	1	0	1
TPR	7175	0	1	0	0	0	0	0	1
TRAF2	7186	1	3	1	1	0	1	0	0
TRAF3	7187	0	2	0	1	0	1	0	0
TRAF5	7188	0	2	0	1	0	1	0	0
TSC1	7248	1	6	1	1	1	1	1	1
TSC2	7249	1	5	1	1	1	1	0	1
TSHR	7253	1	6	1	1	1	1	1	1
TYK2	7297	0	2	0	1	0	1	0	0
U2AF1	7307	1	6	1	1	1	1	1	1
KDM6A	7403	1	6	1	1	1	1	1	1
VAV1	7409	0	1	0	1	0	0	0	0
VAV2	7410	0	1	0	1	0	0	0	0
VEGFA	7422	1	2	1	0	1	0	0	0
VHL	7428	1	6	1	1	1	1	1	1
EZR	7430	0	1	0	0	0	0	0	1
WAS	7454	0	1	0	0	0	0	0	1
WHSC1	7468	1	4	1	1	0	1	0	1
WRN	7486	0	1	0	0	0	0	0	1
WT1	7490	1	6	1	1	1	1	1	1
XBP1	7494	0	2	0	1	0	1	0	0
XPA	7507	0	1	0	0	0	0	0	1
XPC	7508	0	1	0	0	0	0	0	1
XPO1	7514	1	5	1	1	1	1	0	1
XRCC2	7516	1	1	1	0	0	0	0	0
YES1	7525	1	1	1	0	0	0	0	0
YWHAE	7531	0	1	0	0	0	0	0	1
CNBP	7555	0	1	0	0	0	0	0	1
ZNF24	7572	0	1	0	0	0	1	0	0
ZBTB16	7704	0	2	0	0	0	1	0	1
ZMYM2	7750	0	2	0	0	0	1	0	1
ZNF217	7764	0	2	0	0	1	1	0	0
PTP4A1	7803	1	1	1	0	0	0	0	0
CSDE1	7812	1	1	1	0	0	0	0	0
BTG2	7832	0	1	0	0	0	1	0	0
PAX8	7849	1	1	0	0	0	0	0	1
CXCR4	7852	1	4	1	1	0	1	0	1
DEK	7913	0	2	0	0	0	1	0	1
TFEB	7942	0	1	0	0	0	0	0	1
RNF217-AS1	7955	0	2	0	0	0	1	0	1
TUSC3	7991	0	1	0	0	0	1	0	0
KAT6A	7994	0	3	0	0	1	1	0	1
NR4A3	8013	0	2	0	0	0	1	0	1
BRD3	8019	0	1	0	0	0	0	0	1
NUP214	8021	0	2	0	0	0	1	0	1
MLLT10	8028	0	2	0	0	0	1	0	1
CCDC6	8030	0	1	0	0	0	0	0	1
NCOA4	8031	0	1	0	0	0	0	0	1
SHOC2	8036	1	1	1	0	0	0	0	0
FGF23	8074	0	2	0	0	1	1	0	0
KMT2D	8085	1	5	1	1	1	0	1	1
HMGA2	8091	0	2	0	0	0	1	0	1
TCL1A	8115	0	2	0	0	0	1	0	1
TAF15	8148	0	2	0	0	0	1	0	1
ELL	8178	0	2	0	0	0	1	0	1
NCOA3	8202	1	1	1	0	0	0	0	0
LZTR1	8216	0	2	0	0	1	0	0	1
CLTCL1	8218	0	2	0	0	0	1	0	1
ZRSR2	8233	1	4	1	1	0	1	0	1
RBM10	8241	1	3	1	0	1	0	0	1
KDM5C	8242	1	6	1	1	1	1	1	1
SMC1A	8243	0	2	0	1	0	1	0	0
ARID1A	8289	1	6	1	1	1	1	1	1
HIST3H3	8290	1	1	1	0	0	0	0	0
HIST1H4I	8294	0	2	0	0	0	1	0	1
TRRAP	8295	0	1	0	0	0	0	0	1
PICALM	8301	0	2	0	0	0	1	0	1
AXIN1	8312	1	6	1	1	1	1	1	1
AXIN2	8313	1	2	1	0	0	0	0	1
BAP1	8314	1	6	1	1	1	1	1	1
HIST1H2AL	8332	0	2	0	1	0	1	0	0
HIST1H2AC	8334	0	2	0	1	0	1	0	0
HIST1H2AM	8336	0	2	0	1	0	1	0	0
HIST1H2BG	8339	0	1	0	1	0	0	0	0
HIST1H2BC	8347	0	2	0	1	0	1	0	0
HIST1H2BO	8348	0	2	0	1	0	1	0	0
HIST1H3A	8350	1	1	1	0	0	0	0	0
HIST1H3D	8351	1	1	1	0	0	0	0	0
HIST1H3C	8352	1	1	1	0	0	0	0	0
HIST1H3E	8353	1	1	1	0	0	0	0	0
HIST1H3I	8354	1	1	1	0	0	0	0	0
HIST1H3G	8355	1	2	1	1	0	0	0	0
HIST1H3J	8356	1	1	1	0	0	0	0	0
HIST1H3H	8357	1	1	1	0	0	0	0	0
HIST1H3B	8358	1	5	1	1	0	1	1	1
SPOP	8405	1	6	1	1	1	1	1	1
RAD54L	8438	1	2	1	1	0	0	0	0
CUL3	8452	1	2	1	0	1	0	0	0
PPM1D	8493	1	2	1	0	0	0	0	1
PPFIBP1	8496	0	1	0	0	0	0	0	1
PIK3R3	8503	1	1	1	0	0	0	0	0
GAS7	8522	0	2	0	0	0	1	0	1
ASMTL	8623	0	1	0	0	0	1	0	0
TP63	8626	1	4	1	1	0	1	0	1
NCOA1	8648	0	1	0	0	0	0	0	1
SOCS1	8651	1	6	1	1	1	1	1	1
IRS2	8660	1	4	1	1	1	1	0	0
EED	8726	1	3	1	1	0	1	0	0
TNFRSF14	8764	1	5	1	1	1	1	0	1
TNFRSF11A	8792	0	1	0	0	0	1	0	0
TRIM24	8805	0	2	0	0	0	1	0	1
INPP4B	8821	1	4	1	1	1	1	0	0
GMPS	8833	0	2	0	0	0	1	0	1
SOCS2	8835	0	1	0	0	0	1	0	0
WISP3	8838	0	2	0	0	1	1	0	0
STK19	8859	1	1	1	0	0	0	0	0
FUBP1	8880	1	4	1	0	1	0	1	1
BCL10	8915	1	4	1	1	0	1	0	1
PHOX2B	8929	1	2	1	0	0	0	0	1
HIST1H3F	8968	1	1	1	0	0	0	0	0
HIST1H2AG	8969	0	2	0	1	0	1	0	0
HIST1H2BJ	8970	0	2	0	1	0	1	0	0
MGAM	8972	0	1	0	1	0	0	0	0
RPS6KA4	8986	1	1	1	0	0	0	0	0
MAP3K14	9020	1	3	1	1	0	1	0	0
SOCS3	9021	0	1	0	0	0	1	0	0
MAP3K6	9064	0	1	0	0	0	1	0	0
USP6	9098	0	2	0	0	0	1	0	1
USP8	9101	0	1	0	0	0	0	0	1
LATS1	9113	1	1	1	0	0	0	0	0
SMC3	9126	0	2	0	1	0	1	0	0
RABEP1	9135	0	2	0	0	0	1	0	1
PCSK7	9159	0	2	0	0	0	1	0	1
MAP3K13	9175	1	3	1	1	0	0	0	1
ZMYM3	9203	0	1	0	0	0	1	0	0
AURKB	9212	1	4	1	1	1	1	0	0
S1PR2	9294	0	1	0	0	0	1	0	0
KLF4	9314	1	3	1	0	0	0	1	1
TRIP11	9321	0	2	0	0	0	1	0	1
SLIT2	9353	0	1	0	0	1	0	0	0
RECQL4	9401	1	2	1	0	0	0	0	1
QKI	9444	0	2	0	0	1	0	0	1
ATG5	9474	0	1	0	0	0	1	0	0
MAGED1	9500	0	1	0	0	0	1	0	0
APOBEC3B	9582	0	1	0	0	0	0	0	1
NCOR1	9611	1	4	1	1	0	0	1	1
NCOR2	9612	0	3	0	1	0	1	0	1
SNCAIP	9627	0	1	0	0	1	0	0	0
IKBKE	9641	1	4	1	1	1	1	0	0
MDC1	9656	1	1	1	0	0	0	0	0
PDE4DIP	9659	0	2	0	0	0	1	0	1
NUP93	9688	1	3	1	0	1	1	0	0
HERPUD1	9709	0	2	0	0	0	1	0	1
FAM131B	9715	0	1	0	0	0	0	0	1
SETD1A	9739	0	1	0	1	0	0	0	0
KMT2B	9757	1	3	1	1	0	1	0	0
HDAC4	9759	0	2	0	1	0	1	0	0
KEAP1	9817	1	5	1	1	1	1	0	1
MAGI2	9863	0	1	0	0	1	0	0	0
SETDB1	9869	0	1	0	1	0	0	0	0
SRGAP3	9901	0	1	0	0	0	0	0	1
MAFB	9935	0	2	0	0	0	1	0	1
GOLGA5	9950	0	1	0	0	0	0	0	1
FGF19	9965	1	4	1	1	1	1	0	0
THRAP3	9967	0	1	0	0	0	0	0	1
MED12	9968	1	6	1	1	1	1	1	1
AKT3	10000	1	4	1	1	1	1	0	0
ABI1	10006	0	2	0	0	0	1	0	1
BCL2L11	10018	1	1	1	0	0	0	0	0
SH2B3	10019	1	3	1	1	0	0	0	1
RAD50	10111	1	4	1	1	1	1	0	0
ARFRP1	10139	0	2	0	0	1	1	0	0
AKAP9	10142	0	1	0	0	0	0	0	1
LHFP	10186	0	1	0	0	0	0	0	1
OLIG2	10215	0	1	0	0	0	0	0	1
GPHN	10243	0	2	0	0	0	1	0	1
FSTL3	10272	0	2	0	0	0	1	0	1
STAG1	10274	0	1	0	1	0	0	0	0
IKZF1	10320	1	5	1	1	1	1	0	1
TFG	10342	0	2	0	0	0	1	0	1
NOD1	10392	0	1	0	0	0	1	0	0
NDRG1	10397	0	2	0	0	0	1	0	1
YAP1	10413	1	1	1	0	0	0	0	0
HOXB13	10481	1	1	1	0	0	0	0	0
CARM1	10498	1	1	1	0	0	0	0	0
NCOA2	10499	0	2	0	0	0	1	0	1
SLC34A2	10568	0	1	0	0	0	0	0	1
ARID3B	10620	0	1	0	1	0	0	0	0
CTCF	10664	1	5	1	1	1	1	0	1
GNA13	10672	0	3	0	1	1	1	0	0
CCT6B	10693	0	1	0	0	0	1	0	0
STAG2	10735	1	6	1	1	1	1	1	1
PLK2	10769	1	1	1	0	0	0	0	0
SEPT9	10801	0	2	0	0	0	1	0	1
FRS2	10818	0	2	0	0	1	1	0	0
ARID5A	10865	0	1	0	1	0	0	0	0
MALT1	10892	1	4	1	1	0	1	0	1
PNRC1	10957	1	2	1	1	0	0	0	0
MLLT11	10962	0	1	0	0	0	0	0	1
CLP1	10978	0	2	0	0	0	1	0	1
RAB35	11021	1	1	1	0	0	0	0	0
CNTRL	11064	0	2	0	0	0	1	0	1
FGFR1OP	11116	0	2	0	0	0	1	0	1
PTPRT	11122	1	2	1	0	0	0	0	1
FAF1	11124	0	1	0	0	0	1	0	0
PSIP1	11168	0	2	0	0	0	1	0	1
WIF1	11197	0	1	0	0	0	0	0	1
CHEK2	11200	1	5	1	1	1	1	0	1
SP140	11262	0	1	0	1	0	0	0	0
U2AF2	11338	0	2	0	1	0	1	0	0
RRAS2	22800	1	1	1	0	0	0	0	0
IKZF3	22806	0	2	0	1	0	1	0	0
IKZF2	22807	0	1	0	0	0	1	0	0
ICK	22858	0	1	0	0	0	1	0	0
SEC31A	22872	0	1	0	0	0	1	0	0
DIS3	22894	1	2	1	1	0	0	0	0
DUX4L1	22947	0	1	0	0	0	0	0	1
NT5C2	22978	0	3	0	1	0	1	0	1
PDCD11	22984	0	1	0	0	0	1	0	0
SPEN	23013	1	5	1	1	1	1	0	1
PDS5B	23047	0	1	0	1	0	0	0	0
FNBP1	23048	0	2	0	0	0	1	0	1
SMG1	23049	0	1	0	1	0	0	0	0
SETD1B	23067	0	1	0	1	0	0	0	0
KDM4C	23081	0	1	0	0	0	1	0	0
ERC1	23085	0	1	0	0	0	0	0	1
ARHGAP26	23092	0	2	0	0	0	1	0	1
CIC	23152	1	6	1	1	1	1	1	1
SEPT6	23157	0	2	0	0	0	1	0	1
PASK	23178	0	1	0	0	0	1	0	0
CAMTA1	23261	0	2	0	0	0	1	0	1
MGA	23269	1	2	1	1	0	0	0	0
ACSL6	23305	0	2	0	0	0	1	0	1
ICOSLG	23308	1	1	1	0	0	0	0	0
ARHGEF12	23365	0	2	0	0	0	1	0	1
CRTC1	23373	0	1	0	0	0	0	0	1
NCSTN	23385	0	2	0	1	0	1	0	0
DICER1	23405	1	3	1	0	1	0	0	1
RYBP	23429	1	1	1	0	0	0	0	0
SF3B1	23451	1	6	1	1	1	1	1	1
HEY1	23462	0	2	0	0	0	1	0	1
BRD4	23476	1	5	1	1	1	1	0	1
SUZ12	23512	1	4	1	1	0	1	0	1
KAT6B	23522	0	1	0	0	0	0	0	1
PATZ1	23598	0	1	0	0	0	0	0	1
CBLC	23624	0	1	0	0	0	0	0	1
POT1	25913	0	3	0	1	0	1	0	1
ZNF521	25925	0	2	0	0	0	1	0	1
WWTR1	25937	1	2	1	0	0	0	0	1
SAMHD1	25939	0	1	0	1	0	0	0	0
ADGRA2	25960	0	2	0	0	1	1	0	0
SS18L1	26039	0	1	0	0	0	0	0	1
SETBP1	26040	0	4	0	1	0	1	1	1
LSM14A	26065	0	1	0	0	0	0	0	1
CHIC2	26511	0	2	0	0	0	1	0	1
LATS2	26524	1	1	1	0	0	0	0	0
GREM1	26585	1	1	1	0	0	0	0	0
TCL6	27004	0	1	0	0	0	0	0	1
SND1	27044	0	1	0	0	0	0	0	1
FOXP1	27086	1	5	1	1	1	1	0	1
BBC3	27113	1	1	1	0	0	0	0	0
AFF4	27125	0	2	0	0	0	1	0	1
AGO2	27161	1	1	1	0	0	0	0	0
SESN1	27244	1	1	1	0	0	0	0	0
EML4	27436	0	2	0	0	0	1	0	1
PCLO	27445	0	1	0	0	0	1	0	0
SETD2	29072	1	6	1	1	1	1	1	1
BABAM1	29086	1	1	1	0	0	0	0	0
DROSHA	29102	1	2	1	0	0	0	0	1
ANKRD11	29123	1	1	1	0	0	0	0	0
CD274	29126	1	5	1	1	1	1	0	1
TFPT	29844	0	2	0	0	0	1	0	1
TLX3	30012	0	2	0	0	0	1	0	1
IL21R	50615	0	2	0	0	0	1	0	1
IGK	50802	0	2	0	0	0	1	0	1
APH1A	51107	0	1	0	0	0	1	0	0
SBDS	51119	0	1	0	0	0	0	0	1
EGFL7	51162	1	1	1	0	0	0	0	0
LEF1	51176	0	2	0	0	0	1	0	1
CRBN	51185	0	1	0	1	0	0	0	0
NIN	51199	0	2	0	0	0	1	0	1
UBR5	51366	0	2	0	1	0	0	0	1
GTSE1	51512	0	1	0	0	0	1	0	0
NCKIPSD	51517	0	1	0	0	0	0	0	1
HDAC7	51564	0	2	0	1	0	1	0	0
TRIM33	51592	0	1	0	0	0	0	0	1
YPEL5	51646	0	1	0	0	0	1	0	0
SUFU	51684	1	5	1	1	1	1	0	1
ARID4B	51742	0	1	0	1	0	0	0	0
RTEL1	51750	1	2	1	1	0	0	0	0
CDK12	51755	1	5	1	1	1	1	0	1
BCL11A	53335	0	2	0	0	0	1	0	1
LRP1B	53353	0	3	0	0	1	1	0	1
SETD4	54093	0	1	0	1	0	0	0	0
DCUN1D1	54165	1	1	1	0	0	0	0	0
ERRFI1	54206	1	2	1	0	1	0	0	0
FEV	54738	0	2	0	0	0	1	0	1
TET2	54790	1	6	1	1	1	1	1	1
FAM46C	54855	1	5	1	1	1	1	0	1
BCOR	54880	1	6	1	1	1	1	1	1
RNF43	54894	1	6	1	1	1	1	1	1
WHSC1L1	54904	1	3	1	0	0	1	0	1
SDHAF2	54949	1	2	1	0	0	0	0	1
FANCL	55120	0	2	0	0	1	1	0	0
SHQ1	55164	1	1	1	0	0	0	0	0
PBRM1	55193	1	6	1	1	1	1	1	1
SETD5	55209	0	1	0	1	0	0	0	0
YY1AP1	55249	0	1	0	0	0	1	0	0
ELP2	55250	0	1	0	0	0	1	0	0
ASXL2	55252	1	2	1	1	0	0	0	0
FBXW7	55294	1	6	1	1	1	1	1	1
ZNF331	55422	0	1	0	0	0	0	0	1
ETNK1	55500	0	2	0	1	0	0	0	1
ZCCHC8	55596	0	1	0	0	0	0	0	1
TMEM127	55654	1	2	1	0	0	0	0	1
TMEM30A	55754	0	1	0	0	0	1	0	0
PAG1	55824	0	1	0	0	0	1	0	0
PAK6	56924	1	0	0	0	0	0	0	0
DUSP22	56940	0	2	0	1	0	1	0	0
EMSY	56946	0	1	0	0	1	0	0	0
ACKR3	57007	0	1	0	0	0	0	0	1
CASC5	57082	0	1	0	0	0	0	0	1
CYSLTR2	57105	1	1	1	0	0	0	0	0
GOPC	57120	0	1	0	0	0	0	0	1
PAK7	57144	0	2	1	1	0	0	0	0
SALL4	57167	0	1	0	0	0	0	0	1
ARID1B	57492	1	5	1	1	1	0	1	1
RPTOR	57521	1	4	1	1	1	1	0	0
MIB1	57534	0	1	0	0	0	1	0	0
MKL1	57591	0	2	0	0	0	1	0	1
ZBTB2	57621	0	1	0	0	1	0	0	0
EP400	57634	0	1	0	1	0	0	0	0
KIAA1549	57670	0	1	0	0	0	0	0	1
RNF213	57674	0	2	0	0	0	1	0	1
SHTN1	57698	0	1	0	0	0	0	0	1
CCNB1IP1	57820	0	1	0	0	0	0	0	1
KMT2C	58508	1	6	1	1	1	1	1	1
BACH2	60468	0	1	0	1	0	0	0	0
BCORL1	63035	0	4	0	1	1	1	0	1
PRDM16	63976	0	2	0	0	0	1	0	1
PRDM14	63978	1	1	1	0	0	0	0	0
CRLF2	64109	1	6	1	1	1	1	1	1
RRAGC	64121	1	2	1	1	0	0	0	0
ARHGEF28	64283	0	1	0	1	0	0	0	0
SOX17	64321	1	1	1	0	0	0	0	0
NSD1	64324	1	5	1	1	1	1	0	1
RFWD2	64326	1	1	1	0	0	0	0	0
SMYD3	64754	1	1	1	0	0	0	0	0
CREB3L2	64764	0	2	0	0	0	1	0	1
RBM15	64783	0	2	0	0	0	1	0	1
CRTC3	64784	0	1	0	0	0	0	0	1
RANBP17	64901	0	1	0	0	0	0	0	1
BCL11B	64919	0	3	0	1	0	1	0	1
GID4	79018	0	2	0	0	1	1	0	0
ASPSCR1	79058	0	1	0	0	0	0	0	1
MAPKAP1	79109	1	1	1	0	0	0	0	0
CHCHD7	79145	0	1	0	0	0	0	0	1
CDC73	79577	1	6	1	1	1	1	1	1
FAT4	79633	0	1	0	0	0	0	0	1
VTCN1	79679	1	1	1	0	0	0	0	0
TBL1XR1	79718	0	3	0	1	0	1	0	1
PALB2	79728	1	5	1	1	1	1	0	1
FBXO31	79791	0	1	0	0	0	1	0	0
MOB3B	79817	0	1	0	1	0	0	0	0
SETD6	79918	0	1	0	1	0	0	0	0
ZNF703	80139	0	2	0	0	1	1	0	0
FBXO11	80204	0	3	0	1	0	1	0	1
PREX2	80243	1	3	1	0	1	0	0	1
C2ORF44	80304	0	1	0	0	0	0	0	1
TET1	80312	1	4	1	1	0	1	0	1
PDCD1LG2	80380	1	4	1	0	1	1	0	1
CD276	80381	1	1	1	0	0	0	0	0
SETD7	80854	0	1	0	1	0	0	0	0
FIP1L1	81608	0	1	0	0	0	0	0	1
FCRL4	83417	0	2	0	0	0	1	0	1
NUF2	83540	1	1	1	0	0	0	0	0
SESN2	83667	1	1	1	0	0	0	0	0
SETDB2	83852	0	1	0	1	0	0	0	0
STK40	83931	1	1	1	0	0	0	0	0
BRIP1	83990	1	5	1	1	1	1	0	1
FAM175A	84142	1	1	1	0	0	0	0	0
ARID5B	84159	1	2	1	1	0	0	0	0
SETD3	84193	0	1	0	1	0	0	0	0
TRAF7	84231	1	3	1	0	0	0	1	1
FLYWCH1	84256	0	1	0	0	0	1	0	0
PHF6	84295	0	4	0	1	0	1	1	1
HOOK3	84376	0	1	0	0	0	0	0	1
CARD11	84433	1	6	1	1	1	1	1	1
MAML2	84441	0	1	0	0	0	0	0	1
DOT1L	84444	1	4	1	1	1	1	0	0
BRSK1	84446	0	1	0	0	0	1	0	0
SLX4	84464	1	1	1	0	0	0	0	0
KDM2B	84678	0	1	0	0	0	1	0	0
RSPO3	84870	0	1	0	0	0	0	0	1
CEP89	84902	0	1	0	0	0	0	0	1
HIST1H2BK	85236	0	2	0	1	0	1	0	0
SLC45A3	85414	0	1	0	0	0	0	0	1
KLHL6	89857	0	2	0	0	1	1	0	0
KNSTRN	90417	1	1	1	0	0	0	0	0
CREB3L1	90993	0	2	0	0	0	1	0	1
FAM58A	92002	1	1	1	0	0	0	0	0
SNX29	92017	0	2	0	0	0	1	0	1
SPECC1	92521	0	1	0	0	0	0	0	1
C12orf9	93669	0	1	0	0	0	0	0	1
PWWP2A	114825	0	1	0	0	0	0	0	1
RMI2	116028	0	1	0	0	0	0	0	1
EXOSC6	118460	0	1	0	0	0	1	0	0
LRRK2	120892	0	1	0	0	0	1	0	0
LRIG3	121227	0	1	0	0	0	0	0	1
MSI2	124540	1	3	1	0	0	1	0	1
CANT1	124583	0	1	0	0	0	0	0	1
HIST2H3C	126961	1	1	1	0	0	0	0	0
ARID3C	138715	0	1	0	1	0	0	0	0
AMER1	139285	1	6	1	1	1	1	1	1
VTI1A	143187	0	1	0	0	0	0	0	1
SESN3	143686	1	1	1	0	0	0	0	0
C15ORF65	145788	0	1	0	0	0	0	0	1
TTL	150465	0	2	0	0	0	1	0	1
BTLA	151888	0	1	0	0	0	1	0	0
PPP4R2	151987	1	1	1	0	0	0	0	0
ESCO2	157570	0	1	0	1	0	0	0	0
SPRED1	161742	1	1	1	0	0	0	0	0
ZNF384	171017	0	2	0	0	0	1	0	1
ASXL1	171023	1	6	1	1	1	1	1	1
ARID2	196528	1	6	1	1	1	1	1	1
WDR90	197335	0	1	0	0	0	1	0	0
TET3	200424	0	1	0	1	0	0	0	0
FLCN	201163	1	5	1	1	1	1	0	1
MPEG1	219972	0	1	0	1	0	0	0	0
RASGEF1A	221002	0	1	0	0	0	1	0	0
JAZF1	221895	0	2	0	0	0	1	0	1
RICTOR	253260	1	4	1	1	1	1	0	0
NUTM1	256646	1	1	0	0	0	0	0	1
NEGR1	257194	1	1	1	0	0	0	0	0
MDS2	259283	0	2	0	0	0	1	0	1
BCL9L	283149	0	1	0	0	0	0	0	1
KSR2	283455	0	1	0	1	0	0	0	0
HMGN2P46	283651	0	1	0	0	0	0	0	1
P2RY8	286530	0	3	0	1	0	1	0	1
HIST2H3A	333932	1	0	0	0	0	0	0	0
RSPO2	340419	0	1	0	0	0	0	0	1
ECT2L	345930	0	2	0	0	0	1	0	1
MALAT1	378938	0	1	0	0	0	0	0	1
KMT5A	387893	1	2	1	1	0	0	0	0
SERP2	387923	0	1	0	0	0	1	0	0
MYO18A	399687	0	1	0	0	0	1	0	0
H3F3C	440093	1	1	1	0	0	0	0	0
H3F3AP4	440926	1	0	0	0	0	0	0	0
HIST2H3D	653604	1	1	1	0	0	0	0	0
SFPQ	654780	0	1	0	0	0	0	0	1
NUTM2A	728118	0	2	0	0	0	1	0	1
NUTM2B	729262	0	1	0	0	0	0	0	1
TEC	100124696	0	1	0	0	0	1	0	0
MEF2B	100271849	1	4	1	1	1	1	0	0