Entrez	HUGO	IMPACT	Vogelstein	Sanger-CGC	QUEST-34	Tumor-suppressor-gene	Oncogene
207	AKT1	1	1	1	1	0	1
5290	PIK3CA	1	1	1	1	0	1
595	CCND1	1	1	1	0	0	1
673	BRAF	1	1	1	1	0	1
3265	HRAS	1	1	1	1	0	1
4893	NRAS	1	1	1	1	0	1
1956	EGFR	1	1	1	1	0	1
5156	PDGFRA	1	1	1	0	0	1
2064	ERBB2	1	1	1	1	0	1
2263	FGFR2	1	1	1	1	0	1
2261	FGFR3	1	1	1	1	0	1
1499	CTNNB1	1	1	1	1	0	1
1788	DNMT3A	1	1	1	0		
2146	EZH2	1	1	1	0	0	1
2322	FLT3	1	1	1	0	0	1
2778	GNAS	1	1	1	1	0	1
3417	IDH1	1	1	1	1	0	1
3418	IDH2	1	1	1	1	0	1
3717	JAK2	1	1	1	0	0	1
3815	KIT	1	1	1	1	0	1
3845	KRAS	1	1	1	1	0	1
9968	MED12	1	1	1	0		
4780	NFE2L2	1	1	1	0	0	1
5518	PPP2R1A	1	1	1	0		
5781	PTPN11	1	1	1	0		
23451	SF3B1	1	1	1	0		
4193	MDM2	1	1	1	0	0	1
4194	MDM4	1	1	1	0	0	1
4233	MET	1	1	1	1	0	1
238	ALK	1	1	1	1	0	1
4609	MYC	1	1	1	0	0	1
5979	RET	1	1	1	1	0	1
25	ABL1	1	1	1	0	0	1
84433	CARD11	1	1	1	0		
867	CBL	1	1	1	0		
64109	CRLF2	1	1	1	0		
668	FOXL2	1	1	1	1		
2624	GATA2	1	1	1	0		
2767	GNA11	1	1	1	1		
2776	GNAQ	1	1	1	1		
3716	JAK1	1	1	1	0		
3718	JAK3	1	1	1	0		
4352	MPL	1	1	1	0		
4610	MYCL1	1	1	1	0		
4613	MYCN	1	1	1	0	0	1
4615	MYD88	1	1	1	0		
7080	NKX2-1	1	1	1	0		
6608	SMO	1	1	1	1		
7253	TSHR	1	1	1	0		
4004	LMO1	1	1	1	0		
5295	PIK3R1	1	1	1	1	1	0
5728	PTEN	1	1	1	1	1	0
672	BRCA1	1	1	1	0	1	0
675	BRCA2	1	1	1	0	1	0
472	ATM	1	1	1	0	1	0
7157	TP53	1	1	1	1	1	0
1029	CDKN2A	1	1	1	0	1	0
1031	CDKN2C	1	1	1	0	1	0
4089	SMAD4	1	1	1	0	1	0
324	APC	1	1	1	0	1	0
8289	ARID1A	1	1	1	0	1	0
196528	ARID2	1	1	1	0	1	0
171023	ASXL1	1	1	1	0	1	0
546	ATRX	1	1	1	0	1	0
8314	BAP1	1	1	1	0	1	0
54880	BCOR	1	1	1	0	1	0
999	CDH1	1	1	1	0	1	0
2033	EP300	1	1	1	0	1	0
55294	FBXW7	1	1	1	1	1	0
2625	GATA3	1	1	1	0		
8242	KDM5C	1	1	1	0		
7403	KDM6A	1	1	1	0		
6416	MAP2K4	1	1	1	0	1	0
8085	MLL2	1	1	1	0	1	0
4763	NF1	1	1	1	0	1	0
4851	NOTCH1	1	1	1	1		
4869	NPM1	1	1	1	0		
55193	PBRM1	1	1	1	0		
5925	RB1	1	1	1	0	1	0
861	RUNX1	1	1	1	0		
29072	SETD2	1	1	1	0	1	0
6597	SMARCA4	1	1	1	0		
6794	STK11	1	1	1	1		
54790	TET2	1	1	1	0		
7428	VHL	1	1	1	0	1	0
7490	WT1	1	1	1	0		
7248	TSC1	1	1	1	0	1	0
4292	MLH1	1	1	1	0	1	0
79577	CDC73	1	1	1	0		
23152	CIC	1	1	1	0	1	0
1387	CREBBP	1	1	1	0	1	0
1616	DAXX	1	1	1	0		
2623	GATA1	1	1	1	0		
10320	IKZF1	1	1	1	0		
4221	MEN1	1	1	1	0		
4436	MSH2	1	1	1	0		
2956	MSH6	1	1	1	0		
4771	NF2	1	1	1	0	1	0
4853	NOTCH2	1	1	1	0		
5079	PAX5	1	1	1	0		
639	PRDM1	1	1	1	0		
5727	PTCH1	1	1	1	1		
6598	SMARCB1	1	1	1	0		
8651	SOCS1	1	1	1	0		
7128	TNFAIP3	1	1	1	0		
367	AR	1	1	0	0	0	1
8405	SPOP	1	1	0	0	0	1
1436	CSF1R	1	1	0	0		
5604	MAP2K1	1	1	0	1		
4214	MAP3K1	1	1	0	0	1	0
54894	RNF43	1	1	0	0		
4087	SMAD2	1	1	0	0	1	0
10735	STAG2	1	1	0	0		
139285	AMER1	1	1	0	0		
7249	TSC2	1	0	1	0	1	0
51755	CDK12	1	0	1	0		
11200	CHEK2	1	0	1	0	1	0
5573	PRKAR1A	1	0	1	0		
208	AKT2	1	0	1	0	0	1
898	CCNE1	1	0	1	0	0	1
1019	CDK4	1	0	1	0	0	1
1021	CDK6	1	0	1	0	0	1
5894	RAF1	1	0	1	0	0	1
2260	FGFR1	1	0	1	0	0	1
5159	PDGFRB	1	0	1	1	0	1
4297	MLL	1	0	1	0		
4914	NTRK1	1	0	1	0		
5914	RARA	1	0	1	0		
604	BCL6	1	0	1	0	1	0
894	CCND2	1	0	1	0		
896	CCND3	1	0	1	0		
974	CD79B	1	0	1	0		
2078	ERG	1	0	1	0	0	1
54855	FAM46C	1	0	1	0		
3575	IL7R	1	0	1	0		
3662	IRF4	1	0	1	0		
3725	JUN	1	0	1	0		
3791	KDR	1	0	1	0		
4286	MITF	1	0	1	0		
4916	NTRK3	1	0	1	0		
79728	PALB2	1	0	1	0		
6657	SOX2	1	0	1	0		
51684	SUFU	1	0	1	0		
8764	TNFRSF14	1	0	1	0		
7150	TOP1	1	0	1	0		
7514	XPO1	1	0	1	0		
6098	ROS1	1	0	1	0	0	1
2115	ETV1	1	0	1	0		
2120	ETV6	1	0	1	0		
7113	TMPRSS2	1	0	1	0		
4683	NBN	1	0	1	0		
5395	PMS2	1	0	1	0		
5966	REL	1	0	1	0		
6850	SYK	1	0	1	0		
2475	MTOR	1	0	0	0	0	1
2066	ERBB4	1	0	0	1	0	1
7048	TGFBR2	1	0	0	0	1	0
545	ATR	1	0	0	0		
10664	CTCF	1	0	0	0		
2042	EPHA3	1	0	0	0		
9817	KEAP1	1	0	0	0		
5294	PIK3CG	1	0	0	0		
10000	AKT3	1	0	0	0	0	1
5296	PIK3R2	1	0	0	0	1	0
6790	AURKA	1	0	0	0	0	1
1024	CDK8	1	0	0	0		1
369	ARAF	1	0	0	0	0	1
1030	CDKN2B	1	0	0	0	1	0
2065	ERBB3	1	0	0	0		1
2264	FGFR4	1	0	0	1		1
1111	CHEK1	1	0	0	0	1	0
1399	CRKL	1	0	0	0	0	1
4921	DDR2	1	0	0	1		
2044	EPHA5	1	0	0	0		
2047	EPHB1	1	0	0	0		
2099	ESR1	1	0	0	0		1
2321	FLT1	1	0	0	0		
2324	FLT4	1	0	0	0		
2903	GRIN2A	1	0	0	0		
2932	GSK3B	1	0	0	0		
3480	IGF1R	1	0	0	0		
9641	IKBKE	1	0	0	0		
8660	IRS2	1	0	0	0		
5605	MAP2K2	1	0	0	0		
4170	MCL1	1	0	0	0		
100271849	MEF2B	1	0	0	0		
4361	MRE11A	1	0	0	0		
4915	NTRK2	1	0	0	0		
253260	RICTOR	1	0	0	0		
57521	RPTOR	1	0	0	0		
6714	SRC	1	0	0	0		
242	ALOX12B	1	0	0	0	0	0
22894	DIS3	1	0	0	0		
4854	NOTCH3	1	0	0	0		
4855	NOTCH4	1	0	0	0		
57144	PAK7	1	0	0	0		
142	PARP1	1	0	0	0		
5288	PIK3C2G	1	0	0	0		
10957	PNRC1	1	0	0	0		
10111	RAD50	1	0	0	0		
7307	U2AF1	1	1	1	0		
58508	MLL3	1	1	1	0	1	0
8880	FUBP1	1	1	1	0	1	0
6927	HNF1A	1	1	1	0		
1786	DNMT1	1	1	0	0		
57492	ARID1B	1	1	0	0		
2068	ERCC2	1	0	1	0		
23405	DICER1	1	0	1	0		
2073	ERCC5	1	0	1	0		
2271	FH	1	0	1	0		
201163	FLCN	1	0	1	0		
8929	PHOX2B	1	0	1	0		
6390	SDHB	1	0	1	0		
80312	TET1	1	0	1	0		
1026	CDKN1A	1	0	0	0	1	0
2195	FAT1	1	0	0	0	1	0
5879	RAC1	1	0	0	0		
5291	PIK3CB	1	0	0	0		1
598	BCL2L1	1	0	0	0	1	1
10018	BCL2L11	1	0	0	0	1	0
5426	POLE	1	0	0	0	1	0
1871	E2F3	1	0	0	0		1
1789	DNMT3B	1	0	0	0		
3631	INPP4A	1	0	0	0		
8821	INPP4B	1	0	0	0		
3643	INSR	1	0	0	0		
3667	IRS1	1	0	0	0		
5594	MAPK1	1	0	0	0		
5071	PARK2	1	0	0	0		
5293	PIK3CD	1	0	0	0		
8503	PIK3R3	1	0	0	0		
10769	PLK2	1	0	0	0		
5789	PTPRD	1	0	0	0		
5802	PTPRS	1	0	0	0		
55164	SHQ1	1	0	0	0		
4088	SMAD3	1	0	0	0		
7015	TERT	1	0	0	0		
8626	TP63	1	0	0	0		
10413	YAP1	1	0	0	0		
7525	YES1	1	0	0	0		
596	BCL2	1	1	1	0		
841	CASP8	1	1	0	0		
9611	NCOR1	1	1	0	0		
641	BLM	1	0	1	0		
865	CBFB	1	0	1	0		
2175	FANCA	1	0	1	0		
2176	FANCC	1	0	1	0		
5927	KDM5A	1	0	1	0		
4595	MUTYH	1	0	1	0		
64324	NSD1	1	0	1	0		
83990	BRIP1	1	0	1	0		
5890	RAD51B	1	0	1	0		
1027	CDKN1B	1	0	0	0		
23013	SPEN	1	0	0	0		
3082	HGF	1	0	0	0		
2248	FGF3	1	0	0	0		
2249	FGF4	1	0	0	0		
84444	DOT1L	1	0	0	0		
9212	AURKB	1	0	0	0		
558	AXL	1	0	0	0	0	1
580	BARD1	1	0	0	0		
9965	FGF19	1	0	0	0		
695	BTK	1	0	0	0		
6926	TBX3	1	0	0	0		
3481	IGF2	1	0	0	0		
9175	MAP3K13	1	0	0	0		
6602	SMARCD1	1	0	0	0		
3479	IGF1	1	0	0	0		
5289	PIK3C3	1	0	0	0		
5888	RAD51	1	0	0	0		
5889	RAD51C	1	0	0	0		
5892	RAD51D	1	0	0	0		
5893	RAD52	1	0	0	0		
8438	RAD54L	1	0	0	0		
8358	HIST1H3B	1	1	0	0		
9314	KLF4	1	1	0	0		
567	B2M	1	1	0	0		
8312	AXIN1	1	1	0	0		
6662	SOX9	1	1	0	0		
84231	TRAF7	1	1	0	0		
23512	SUZ12	1	0	1	0		
657	BMPR1A	1	0	1	0		
23476	BRD4	1	0	1	0		
29126	CD274	1	0	1	0		
2071	ERCC3	1	0	1	0		
2072	ERCC4	1	0	1	0		
27086	FOXP1	1	0	1	0		
5292	PIM1	1	0	1	0		
5378	PMS1	1	0	1	0		
9401	RECQL4	1	0	1	0		
54949	SDHAF2	1	0	1	0		
6391	SDHC	1	0	1	0		
6392	SDHD	1	0	1	0		
84159	ARID5B	1	0	0	0		
8313	AXIN2	1	0	0	0		
64321	SOX17	1	0	0	0		
3169	FOXA1	1	0	0	0		
5921	RASA1	1	0	0	0		
3006	HIST1H1C	1	0	0	0		
3017	HIST1H2BD	1	0	0	0		
440093	H3F3C	1	0	0	0		
5058	PAK1	1	0	0	0		
6016	RIT1	1	0	0	0	0	1
23429	RYBP	1	0	0	0		
7046	TGFBR1	1	0	0	0		
4824	NKX3-1	1	0	0	0		
55252	ASXL2	1	0	0	0		
1964	EIF1AX	1	0	0	0		
387	RHOA	1	0	0	0		
8241	RBM10	1	0	0	0		
9113	LATS1	1	0	0	0		
26524	LATS2	1	0	0	0		
4654	MYOD1	1	0	0	0		
331	XIAP	1	0	0	0		
5133	PDCD1	1	0	0	0		
8452	CUL3	1	0	0	0		
27113	BBC3	1	0	0	0		
80381	CD276	1	0	0	0		
1493	CTLA4	1	0	0	0		
54165	DCUN1D1	1	0	0	0		
8726	EED	1	0	0	0		
51162	EGFL7	1	0	0	0		
4072	EPCAM	1	0	0	0		
84142	FAM175A	1	0	0	0		
26585	GREM1	1	0	0	0		
23308	ICOSLG	1	0	0	0		
3459	IFNGR1	1	0	0	0		
3586	IL10	1	0	0	0		
4149	MAX	1	0	0	0		
9656	MDC1	1	0	0	0		
5170	PDPK1	1	0	0	0		
5366	PMAIP1	1	0	0	0		
64326	RFWD2	1	0	0	0		
8986	RPS6KA4	1	0	0	0		
6199	RPS6KB2	1	0	0	0		
6389	SDHA	1	0	0	0		
4068	SH2D1A	1	0	0	0		
83931	STK40	1	0	0	0		
55654	TMEM127	1	0	0	0		
79679	VTCN1	1	0	0	0		
11122	PTPRT	1	0	0	0		
1050	CEBPA	0	1	1	0	1	0
3105	HLA-A	0	0	0	0		
6427	SRSF2	0	1	1	0		
1540	CYLD	0	1	1	0		
3320	HSP90AA1	0	0	1	0		
701	BUB1B	0	0	1	0	1	0
80204	FBXO11	0	0	1	0		
4602	MYB	0	0	1	0		
27	ABL2	0	0	1	0	0	1
868	CBLB	0	0	1	0		
23624	CBLC	0	0	1	0		
1009	CDH11	0	0	1	0		
355	FAS	0	0	1	0		
8091	HMGA2	0	0	1	0		
1316	KLF6	0	0	1	0		
10499	NCOA2	0	0	1	0		
4791	NFKB2	0	0	1	0		
7454	WAS	0	0	1	0		
8233	ZRSR2	0	0	1	0		
2051	EPHB6	0	0	0	0		
329	BIRC2	0	0	0	0	0	1
23092	ARHGAP26	0	0	0	0	1	0
10435	CDC42EP2	0	0	0	0		
1978	EIF4EBP1	0	0	0	0		
284656	EPHA10	0	0	0	0		
1969	EPHA2	0	0	0	0		
2043	EPHA4	0	0	0	0		
285220	EPHA6	0	0	0	0		
2045	EPHA7	0	0	0	0		
2046	EPHA8	0	0	0	0		
2048	EPHB2	0	0	0	0		
2049	EPHB3	0	0	0	0		
2050	EPHB4	0	0	0	0		
79633	FAT4	0	0	0	0		
2280	FKBP1A	0	0	0	0		
2735	GLI1	0	0	0	0		
2737	GLI3	0	0	0	0		
64083	GOLPH3	0	0	0	0		
2913	GRM3	0	0	0	0		
3066	HDAC2	0	0	0	0		
3091	HIF1A	0	0	0	0		
3490	IGFBP7	0	0	0	0		
3762	KCNJ5	0	0	0	0		
3939	LDHA	0	0	0	0		
59352	LGR6	0	0	0	0		
9863	MAGI2	0	0	0	0		
1326	MAP3K8	0	0	0	0		
64223	MLST8	0	0	0	0		
4790	NFKB1	0	0	0	0		
5315	PKM	0	0	0	0		
5537	PPP6C	0	0	0	0		
80243	PREX2	0	0	0	0		
5563	PRKAA2	0	0	0	0		
5584	PRKCI	0	0	0	0		
4920	ROR2	0	0	0	0		
6198	RPS6KB1	0	0	0	0		
29110	TBK1	0	0	0	0		
7010	TEK	0	0	0	0		
65125	WNK1	0	0	0	0		
973	CD79A	0	0	1	0		
2177	FANCD2	0	0	1	0		
2178	FANCE	0	0	1	0		
2188	FANCF	0	0	1	0		
2189	FANCG	0	0	1	0		
2130	EWSR1	0	0	1	0		
613	BCR	0	0	1	0		
2118	ETV4	0	0	1	0		
2119	ETV5	0	0	1	0		
694	BTG1	0	0	1	0		
7994	KAT6A	0	0	1	0		
862	RUNX1T1	0	0	1	0		
3624	INHBA	0	0	0	0		
6663	SOX10	0	0	0	0		
2251	FGF6	0	0	0	0		
5163	PDK1	0	0	0	0		
56946	C11orf30	0	0	0	0		
10139	ARFRP1	0	0	0	0		
6775	STAT4	0	0	0	0		
5591	PRKDC	0	0	0	0		
79018	GID4	0	0	0	0		
89857	KLHL6	0	0	0	0		
10672	GNA13	0	0	0	0		
4792	NFKBIA	0	0	0	0		
53353	LRP1B	0	0	0	0		
25960	GPR124	0	0	0	0		
599	BCL2L2	0	0	0	0		
8838	WISP3	0	0	0	0		
63035	BCORL1	0	0	0	0		
55120	FANCL	0	0	0	0		
7764	ZNF217	0	0	0	0		
9688	NUP93	0	0	0	0		
80139	ZNF703	0	0	0	0		
2255	FGF10	0	0	0	0		
5063	PAK3	0	0	0	0		
2259	FGF14	0	0	0	0		
1495	CTNNA1	0	0	0	0		
8074	FGF23	0	0	0	0		
143	PARP4	0	0	0	0		
571	BACH1	0	0	0	0		
1147	CHUK	0	0	0	0		
1586	CYP17A1	0	0	0	0		
2252	FGF7	0	0	0	0		
2257	FGF12	0	0	0	0		
5652	PRSS8	0	0	0	0		
6117	RPA1	0	0	0	0		
7517	XRCC3	0	0	0	0		
8295	TRRAP	0	0	0	0		
8450	CUL4B	0	0	0	0		
8451	CUL4A	0	0	0	0		
10019	SH2B3	0	0	0	0		
10038	PARP2	0	0	0	0		
10039	PARP3	0	0	0	0		
25976	TIPARP	0	0	0	0		
51185	CRBN	0	0	0	0		
55215	FANCI	0	0	0	0		
57697	FANCM	0	0	0	0		
120114	FAT3	0	0	0	0		
147495	APCDD1	0	0	0	0		
3020	H3F3A	0	1	1	0		
84295	PHF6	0	1	1	0		
8202	NCOA3	0	1	0	0		
26040	SETBP1	0	1	0	0		
6502	SKP2	0	1	0	0		
91	ACVR1B	0	1	0	0		
10142	AKAP9	0	0	1	0		
1385	CREB1	0	0	1	0		
1655	DDX5	0	0	1	0		
1974	EIF4A2	0	0	1	0		
9950	GOLGA5	0	0	1	0		
10243	GPHN	0	0	1	0		
3229	HOXC13	0	0	1	0		
3936	LCP1	0	0	1	0		
3977	LIFR	0	0	1	0		
2122	MECOM	0	0	1	0		
8028	MLLT10	0	0	1	0		
4300	MLLT3	0	0	1	0		
4330	MN1	0	0	1	0		
4478	MSN	0	0	1	0		
4627	MYH9	0	0	1	0		
8031	NCOA4	0	0	1	0		
51199	NIN	0	0	1	0		
4841	NONO	0	0	1	0		
4926	NUMA1	0	0	1	0		
4928	NUP98	0	0	1	0		
6146	RPL22	0	0	1	0	1	0
6934	TCF7L2	0	0	1	0		
9321	TRIP11	0	0	1	0		
7486	WRN	0	0	1	0		
10006	ABI1	0	0	1	0	0	0
2181	ACSL3	0	0	1	0		
23305	ACSL6	0	0	1	0	0	0
4299	AFF1	0	0	1	0		
3899	AFF3	0	0	1	0		
27125	AFF4	0	0	1	0		
217	ALDH2	0	0	1	0		
23365	ARHGEF12	0	0	1	0		
405	ARNT	0	0	1	0		
79058	ASPSCR1	0	0	1	0		
466	ATF1	0	0	1	0		
471	ATIC	0	0	1	0		
8915	BCL10	0	0	1	0		
53335	BCL11A	0	0	1	0		
64919	BCL11B	0	0	1	0		
602	BCL3	0	0	1	0		
603	BCL5	0	0	1	0		
605	BCL7A	0	0	1	0		
607	BCL9	0	0	1	0		
330	BIRC3	0	0	1	0		
8019	BRD3	0	0	1	0		
93669	C12ORF9	0	0	1	0		
256646	C15ORF55	0	0	1	0		
80304	C2ORF44	0	0	1	0		
23261	CAMTA1	0	0	1	0		
124583	CANT1	0	0	1	0		
833	CARS	0	0	1	0		
57082	CASC5	0	0	1	0		
863	CBFA2T3	0	0	1	0		
8030	CCDC6	0	0	1	0		
57820	CCNB1IP1	0	0	1	0		
57018	CCNL1	0	0	1	0		
972	CD74	0	0	1	0		
1045	CDX2	0	0	1	0		
79145	CHCHD7	0	0	1	0		
26511	CHIC2	0	0	1	0		
1123	CHN1	0	0	1	0		
4261	CIITA	0	0	1	0		
10978	CLP1	0	0	1	0		
1213	CLTC	0	0	1	0		
8218	CLTCL1	0	0	1	0		
7555	CNBP	0	0	1	0		
11064	CNTRL	0	0	1	0		
1277	COL1A1	0	0	1	0		
1345	COX6C	0	0	1	0		
90993	CREB3L1	0	0	1	0		
64764	CREB3L2	0	0	1	0		
23373	CRTC1	0	0	1	0		
64784	CRTC3	0	0	1	0		
57007	CXCR7	0	0	1	0		
1643	DDB2	0	0	1	0		
1649	DDIT3	0	0	1	0		
1662	DDX10	0	0	1	0		
1656	DDX6	0	0	1	0		
7913	DEK	0	0	1	0		
1785	DNM2	0	0	1	0		
22947	DUX4	0	0	1	0		
1879	EBF1	0	0	1	0		
345930	ECT2L	0	0	1	0		
2000	ELF4	0	0	1	0		
2005	ELK4	0	0	1	0		
8178	ELL	0	0	1	0		
2006	ELN	0	0	1	0		
27436	EML4	0	0	1	0		
2060	EPS15	0	0	1	0		
23085	ERC1	0	0	1	0		
2131	EXT1	0	0	1	0		
2132	EXT2	0	0	1	0		
7430	EZR	0	0	1	0		
728118	FAM22A	0	0	1	0		
729262	FAM22B	0	0	1	0		
2213	FCGR2B	0	0	1	0		
83417	FCRL4	0	0	1	0		
54738	FEV	0	0	1	0		
11116	FGFR1OP	0	0	1	0		
2272	FHIT	0	0	1	0		
81608	FIP1L1	0	0	1	0		
2313	FLI1	0	0	1	0		
145788	FLJ27352	0	0	1	0		
23048	FNBP1	0	0	1	0		
2308	FOXO1	0	0	1	0		
2309	FOXO3	0	0	1	0		
4303	FOXO4	0	0	1	0		
10272	FSTL3	0	0	1	0		
2521	FUS	0	0	1	0		
8522	GAS7	0	0	1	0		
8833	GMPS	0	0	1	0		
57120	GOPC	0	0	1	0		
2719	GPC3	0	0	1	0		
9709	HERPUD1	0	0	1	0		
23462	HEY1	0	0	1	0		
3092	HIP1	0	0	1	0		
8294	HIST1H4I	0	0	1	0		
3131	HLF	0	0	1	0		
3159	HMGA1	0	0	1	0		
283651	HMGN2P46	0	0	1	0		
3181	HNRNPA2B1	0	0	1	0		
84376	HOOK3	0	0	1	0		
3207	HOXA11	0	0	1	0		
3209	HOXA13	0	0	1	0		
3205	HOXA9	0	0	1	0		
3227	HOXC11	0	0	1	0		
3237	HOXD11	0	0	1	0		
3239	HOXD13	0	0	1	0		
3326	HSP90AB1	0	0	1	0		
3492	IGH@	0	0	1	0		
50802	IGK@	0	0	1	0		
3535	IGL@	0	0	1	0		
3558	IL2	0	0	1	0		
50615	IL21R	0	0	1	0		
3572	IL6ST	0	0	1	0		
3702	ITK	0	0	1	0		
221895	JAZF1	0	0	1	0		
23522	KAT6B	0	0	1	0		
2531	KDSR	0	0	1	0		
57670	KIAA1549	0	0	1	0		
3799	KIF5B	0	0	1	0		
3817	KLK2	0	0	1	0		
3895	KTN1	0	0	1	0		
3927	LASP1	0	0	1	0		
3932	LCK	0	0	1	0		
10186	LHFP	0	0	1	0		
4005	LMO2	0	0	1	0		
4026	LPP	0	0	1	0		
121227	LRIG3	0	0	1	0		
4066	LYL1	0	0	1	0		
4094	MAF	0	0	1	0		
9935	MAFB	0	0	1	0		
10892	MALT1	0	0	1	0		
84441	MAML2	0	0	1	0		
259283	MDS2	0	0	1	0		
57591	MKL1	0	0	1	0		
4291	MLF1	0	0	1	0		
4298	MLLT1	0	0	1	0		
10962	MLLT11	0	0	1	0		
4301	MLLT4	0	0	1	0		
4302	MLLT6	0	0	1	0		
3110	MNX1	0	0	1	0		
124540	MSI2	0	0	1	0		
4515	MTCP1	0	0	1	0		
4582	MUC1	0	0	1	0		
4629	MYH11	0	0	1	0		
4666	NACA	0	0	1	0		
51517	NCKIPSD	0	0	1	0		
8648	NCOA1	0	0	1	0		
10397	NDRG1	0	0	1	0		
4781	NFIB	0	0	1	0		
8013	NR4A3	0	0	1	0		
8021	NUP214	0	0	1	0		
10215	OLIG2	0	0	1	0		
4958	OMD	0	0	1	0		
286530	P2RY8	0	0	1	0		
5049	PAFAH1B2	0	0	1	0		
23598	PATZ1	0	0	1	0		
5077	PAX3	0	0	1	0		
5081	PAX7	0	0	1	0		
7849	PAX8	0	0	1	0		
5087	PBX1	0	0	1	0		
5108	PCM1	0	0	1	0		
9159	PCSK7	0	0	1	0		
80380	PDCD1LG2	0	0	1	0		
9659	PDE4DIP	0	0	1	0		
5155	PDGFB	0	0	1	0		
5187	PER1	0	0	1	0		
8301	PICALM	0	0	1	0		
5324	PLAG1	0	0	1	0		
6490	PMEL	0	0	1	0		
5371	PML	0	0	1	0		
5450	POU2AF1	0	0	1	0		
5460	POU5F1	0	0	1	0		
5468	PPARG	0	0	1	0		
5546	PRCC	0	0	1	0		
63976	PRDM16	0	0	1	0		
5551	PRF1	0	0	1	0		
5396	PRRX1	0	0	1	0		
11168	PSIP1	0	0	1	0		
9135	RABEP1	0	0	1	0		
5900	RALGDS	0	0	1	0		
64901	RANBP17	0	0	1	0		
5910	RAP1GDS1	0	0	1	0		
64783	RBM15	0	0	1	0		
399	RHOH	0	0	1	0		
116028	RMI2	0	0	1	0		
57674	RNF213	0	0	1	0		
6184	RPN1	0	0	1	0		
51119	SBDS	0	0	1	0		
6385	SDC4	0	0	1	0		
5413	SEPT5	0	0	1	0		
23157	SEPT6	0	0	1	0		
10801	SEPT9	0	0	1	0		
6418	SET	0	0	1	0		
6421	SFPQ	0	0	1	0		
6455	SH3GL1	0	0	1	0		
10568	SLC34A2	0	0	1	0		
85414	SLC45A3	0	0	1	0		
92017	SNX29	0	0	1	0		
92521	SPECC1	0	0	1	0		
9901	SRGAP3	0	0	1	0		
6428	SRSF3	0	0	1	0		
6760	SS18	0	0	1	0		
26039	SS18L1	0	0	1	0		
6756	SSX1	0	0	1	0		
6757	SSX2	0	0	1	0		
6759	SSX4	0	0	1	0		
7955	STL	0	0	1	0		
8148	TAF15	0	0	1	0		
6886	TAL1	0	0	1	0		
6887	TAL2	0	0	1	0		
6917	TCEA1	0	0	1	0		
6938	TCF12	0	0	1	0		
6929	TCF3	0	0	1	0		
8115	TCL1A	0	0	1	0		
27004	TCL6	0	0	1	0		
7030	TFE3	0	0	1	0		
7942	TFEB	0	0	1	0		
10342	TFG	0	0	1	0		
29844	TFPT	0	0	1	0		
7037	TFRC	0	0	1	0		
9967	THRAP3	0	0	1	0		
3195	TLX1	0	0	1	0		
30012	TLX3	0	0	1	0		
608	TNFRSF17	0	0	1	0		
7170	TPM3	0	0	1	0		
7171	TPM4	0	0	1	0		
7175	TPR	0	0	1	0		
6955	TRA@	0	0	1	0		
6957	TRB@	0	0	1	0		
6964	TRD@	0	0	1	0		
8805	TRIM24	0	0	1	0		
5987	TRIM27	0	0	1	0		
51592	TRIM33	0	0	1	0		
150465	TTL	0	0	1	0		
9098	USP6	0	0	1	0		
143187	VTI1A	0	0	1	0		
7468	WHSC1	0	0	1	0		
54904	WHSC1L1	0	0	1	0		1
11197	WIF1	0	0	1	0		
25937	WWTR1	0	0	1	0		
7507	XPA	0	0	1	0		
7508	XPC	0	0	1	0		
7531	YWHAE	0	0	1	0		
7704	ZBTB16	0	0	1	0		
7750	ZMYM2	0	0	1	0		
55422	ZNF331	0	0	1	0		
171017	ZNF384	0	0	1	0		
25925	ZNF521	0	0	1	0		
6774	STAT3	0	0	0	0		
92	ACVR2A	0	0	0	0		
1756	DMD	0	0	0	0		
113146	AHNAK2	0	0	0	0		
89795	NAV3	0	0	0	0		
1301	COL11A1	0	0	0	0		
5339	PLEC	0	0	0	0		
378938	MALAT1	0	0	0	0		
57616	TSHZ3	0	0	0	0		
2909	ARHGAP35	0	0	0	0		
7644	ZNF91	0	0	0	0		
57692	MAGEE1	0	0	0	0		
285464	CRIPAK	0	0	0	0		
138474	TAF1L	0	0	0	0		
5243	ABCB1	0	0	0	0		
463	ZFHX3	0	0	0	0		
5173	PDYN	0	0	0	0		
1794	DOCK2	0	0	0	0		
84962	AJUBA	0	0	0	0		
83481	EPPK1	0	0	0	0		
128553	TSHZ2	0	0	0	0		
114548	NLRP3	0	0	0	0		
677	ZFP36L1	0	0	0	0		
23345	SYNE1	0	0	0	0		
4744	NEFH	0	0	0	0		
1822	ATN1	0	0	0	0		
7099	TLR4	0	0	0	0		
9757	MLL4	0	0	0	0		
1999	ELF3	0	0	0	0		
120892	LRRK2	0	0	0	0		
10721	POLQ	0	0	0	0		
57194	ATP10A	0	0	0	0		
8642	DCHS1	0	0	0	0		
3170	FOXA2	0	0	0	0		
8239	USP9X	0	0	0	0		
9603	NFE2L3	0	0	0	0		
23379	KIAA0947	0	0	0	0		
1108	CHD4	0	0	0	0		
8703	B4GALT3	0	0	0	0		
6872	TAF1	0	0	0	0		
148022	TICAM1	0	0	0	0		
25942	SIN3A	0	0	0	0		
11078	TRIOBP	0	0	0	0		
2874	GPS2	0	0	0	0		
8243	SMC1A	0	0	0	0		
6103	RPGR	0	0	0	0		
221264	AKD1	0	0	0	0		
25992	SNED1	0	0	0	0		
6406	SEMG1	0	0	0	0		
10350	ABCA9	0	0	0	0		
9479	MAPK8IP1	0	0	0	0		
22822	PHLDA1	0	0	0	0		
79718	TBL1XR1	0	0	0	0		
1960	EGR3	0	0	0	0		
23074	UHRF1BP1L	0	0	0	0		
23439	ATP1B4	0	0	0	0		
84033	OBSCN	0	0	0	0		
9126	SMC3	0	0	0	0		
23253	ANKRD12	0	0	0	0		
344752	AADACL2	0	0	0	0		
6125	RPL5	0	0	0	0		
4216	MAP3K4	0	0	0	0		
7130	TNFAIP6	0	0	0	0		
284355	TPRX1	0	0	0	0		
406934	MIR142	0	0	0	0		
79755	ZNF750	0	0	0	0		
5885	RAD21	0	0	0	0		
4929	NR4A2	0	0	0	0		
347475	CCDC160	0	0	0	0		
64137	ABCG4	0	0	0	0		
7799	PRDM2	0	0	0	0		
25927	CNRIP1	0	0	0	0		
27316	RBMX	0	0	0	0		
4205	MEF2A	0	0	0	0		
7376	NR1H2	0	0	0	0		
7691	ZNF132	0	0	0	0		
84162	KIAA1109	0	0	0	0		
144568	A2ML1	0	0	0	0		
201625	DNAH12	0	0	0	0		
91975	ZNF300	0	0	0	0		
57505	AARS2	0	0	0	0		
81786	TRIM7	0	0	0	0		
6616	SNAP25	0	0	0	0		
1105	CHD1	0	0	0	0		
22943	DKK1	0	0	0	0		
27123	DKK2	0	0	0	0		
27122	DKK3	0	0	0	0		
27121	DKK4	0	0	0	0		
11211	FZD10	0	0	0	0		
3551	IKBKB	0	0	0	0		
4041	LRP5	0	0	0	0		
2908	NR3C1	0	0	0	0		
5015	OTX2	0	0	0	0		1
7298	TYMS	0	0	0	0		1
2334	AFF2	0	0	0	0		
26191	PTPN22	0	0	0	0		
9448	MAP4K4	0	0	0	0		
1967	EIF2B1	0	0	0	0		
3683	ITGAL	0	0	0	0		
9070	ASH2L	0	0	0	0		
80816	ASXL3	0	0	0	0		
340419	RSPO2	0	0	0	0		
84870	RSPO3	0	0	0	0		
8658	TNKS	0	0	0	0		
121549	ASCL4	0	0	0	0		
5747	PTK2	0	0	0	0		
6659	SOX4	0	0	0	0		
6009	RHEB	0	0	0	0		